[[-2.24336, -5.30923, 4.0, 0.03762],
[-2.38011, -5.37205, 4.0, 0.03762],
[-2.51686, -5.43488, 4.0, 0.03762],
[-2.65361, -5.49771, 4.0, 0.03762],
[-2.79036, -5.56054, 4.0, 0.03762],
[-2.92711, -5.62338, 4.0, 0.03762],
[-3.06385, -5.68621, 4.0, 0.03762],
[-3.2006, -5.74905, 4.0, 0.03762],
[-3.33735, -5.81189, 4.0, 0.03762],
[-3.47409, -5.87474, 4.0, 0.03762],
[-3.61083, -5.93759, 4.0, 0.03762],
[-3.74757, -6.00044, 4.0, 0.03762],
[-3.88431, -6.0633, 4.0, 0.03762],
[-4.02104, -6.12616, 4.0, 0.03762],
[-4.15777, -6.18903, 4.0, 0.03762],
[-4.2945, -6.25191, 4.0, 0.03762],
[-4.43123, -6.31479, 4.0, 0.03762],
[-4.56795, -6.37768, 4.0, 0.03762],
[-4.70467, -6.44058, 4.0, 0.03762],
[-4.84139, -6.50349, 4.0, 0.03762],
[-4.97801, -6.56618, 4.0, 0.03758],
[-5.11435, -6.62803, 3.7405, 0.04002],
[-5.25015, -6.6883, 3.42339, 0.0434],
[-5.38521, -6.74626, 3.15033, 0.04665],
[-5.5193, -6.8011, 2.91471, 0.0497],
[-5.65224, -6.85224, 2.71884, 0.05239],
[-5.7839, -6.89906, 2.56898, 0.05439],
[-5.9141, -6.94096, 2.40671, 0.05683],
[-6.0427, -6.97738, 2.2785, 0.05866],
[-6.16957, -7.00778, 2.16571, 0.06024],
[-6.29456, -7.03164, 2.08422, 0.06105],
[-6.41755, -7.04854, 2.03784, 0.06092],
[-6.53845, -7.05816, 2.0254, 0.05988],
[-6.65711, -7.06006, 2.0254, 0.05859],
[-6.77339, -7.05383, 2.0254, 0.05749],
[-6.88712, -7.03906, 2.0254, 0.05663],
[-6.99817, -7.01543, 2.0254, 0.05605],
[-7.1064, -6.98273, 2.0254, 0.05582],
[-7.21172, -6.94091, 2.04565, 0.0554],
[-7.31406, -6.89002, 2.09754, 0.05449],
[-7.41338, -6.83025, 2.17991, 0.05318],
[-7.50967, -6.76191, 2.29133, 0.05154],
[-7.60296, -6.68539, 2.43006, 0.04965],
[-7.69329, -6.60118, 2.59389, 0.04761],
[-7.78072, -6.50982, 2.77988, 0.04549],
[-7.86533, -6.41192, 2.98391, 0.04336],
[-7.94719, -6.30809, 3.2, 0.04132],
[-8.02636, -6.19897, 3.41954, 0.03943],
[-8.10288, -6.08517, 3.63068, 0.03777],
[-8.17676, -5.96729, 3.81854, 0.03643],
[-8.24795, -5.8459, 3.83898, 0.03666],
[-8.31635, -5.72153, 3.68248, 0.03855],
[-8.38182, -5.59466, 3.51481, 0.04062],
[-8.44413, -5.46574, 3.34795, 0.04277],
[-8.50299, -5.33516, 3.19081, 0.04489],
[-8.55808, -5.20327, 3.04967, 0.04687],
[-8.60901, -5.07038, 2.92888, 0.04859],
[-8.65536, -4.93677, 2.83148, 0.04994],
[-8.69669, -4.80269, 2.75976, 0.05084],
[-8.73253, -4.66833, 2.71559, 0.05121],
[-8.76246, -4.5339, 2.70075, 0.05099],
[-8.78605, -4.39955, 2.70075, 0.0505],
[-8.80294, -4.26545, 2.70075, 0.05005],
[-8.81283, -4.13172, 2.70075, 0.04965],
[-8.81548, -3.99849, 2.70075, 0.04934],
[-8.81079, -3.86585, 2.70075, 0.04914],
[-8.79874, -3.73389, 2.71716, 0.04877],
[-8.77942, -3.60269, 2.76725, 0.04793],
[-8.75306, -3.47227, 2.85439, 0.04661],
[-8.72002, -3.34266, 2.98346, 0.04483],
[-8.68076, -3.21386, 3.16185, 0.04259],
[-8.63585, -3.08582, 3.40281, 0.03987],
[-8.58597, -2.95848, 3.7234, 0.03673],
[-8.53183, -2.83177, 4.0, 0.03445],
[-8.47398, -2.70561, 3.91907, 0.03541],
[-8.41278, -2.57995, 3.68165, 0.03797],
[-8.3482, -2.45473, 3.46693, 0.04064],
[-8.28006, -2.32968, 3.34794, 0.04254],
[-8.21532, -2.20349, 3.20508, 0.04425],
[-8.15421, -2.07645, 3.08129, 0.04575],
[-8.09704, -1.94855, 2.95009, 0.04749],
[-8.0443, -1.81977, 2.8827, 0.04828],
[-7.99646, -1.69006, 2.85602, 0.0484],
[-7.95382, -1.55946, 2.85602, 0.04811],
[-7.91675, -1.42795, 2.85602, 0.04784],
[-7.88566, -1.29555, 2.85602, 0.04762],
[-7.86101, -1.16225, 2.85602, 0.04746],
[-7.84309, -1.02811, 2.85602, 0.04738],
[-7.83201, -0.8932, 2.86414, 0.04726],
[-7.82776, -0.75761, 2.90656, 0.04667],
[-7.83022, -0.62143, 2.98483, 0.04563],
[-7.83913, -0.48478, 3.10275, 0.04414],
[-7.85411, -0.34776, 3.26807, 0.04218],
[-7.87466, -0.21045, 3.49435, 0.03973],
[-7.90018, -0.07296, 3.78703, 0.03693],
[-7.93003, 0.06464, 4.0, 0.0352],
[-7.96356, 0.20231, 3.99535, 0.03546],
[-8.00048, 0.33999, 3.70121, 0.03851],
[-8.04057, 0.47765, 3.44266, 0.04165],
[-8.08346, 0.61525, 3.23791, 0.04451],
[-8.12863, 0.75119, 3.05602, 0.04687],
[-8.1703, 0.88689, 2.89031, 0.04911],
[-8.20789, 1.02227, 2.74006, 0.05128],
[-8.24086, 1.15726, 2.6078, 0.05328],
[-8.26865, 1.29173, 2.49777, 0.05497],
[-8.29077, 1.42553, 2.41328, 0.0562],
[-8.30675, 1.55851, 2.35509, 0.05687],
[-8.3161, 1.69046, 2.32215, 0.05696],
[-8.31833, 1.82114, 2.31286, 0.05651],
[-8.31295, 1.95031, 2.31286, 0.0559],
[-8.29954, 2.07767, 2.31286, 0.05537],
[-8.27778, 2.20293, 2.31286, 0.05497],
[-8.24742, 2.32579, 2.31286, 0.05472],
[-8.20838, 2.44596, 2.31286, 0.05463],
[-8.16066, 2.56316, 2.32559, 0.05441],
[-8.1044, 2.67712, 2.3587, 0.05389],
[-8.03981, 2.78763, 2.41038, 0.0531],
[-7.96722, 2.89447, 2.47853, 0.05212],
[-7.88701, 2.99747, 2.56069, 0.05098],
[-7.79963, 3.09649, 2.65401, 0.04976],
[-7.70557, 3.1914, 2.75532, 0.0485],
[-7.60534, 3.28212, 2.86107, 0.04725],
[-7.49947, 3.36855, 2.96747, 0.04606],
[-7.38847, 3.45065, 3.07062, 0.04496],
[-7.27284, 3.52836, 3.16677, 0.04399],
[-7.15307, 3.60161, 3.25262, 0.04316],
[-7.02961, 3.67037, 3.32566, 0.04249],
[-6.90287, 3.73456, 3.3845, 0.04198],
[-6.77324, 3.79413, 3.42903, 0.04161],
[-6.64104, 3.849, 3.46041, 0.04136],
[-6.50661, 3.8991, 3.48093, 0.04122],
[-6.3702, 3.94436, 3.49367, 0.04114],
[-6.23208, 3.98471, 3.50221, 0.04109],
[-6.09246, 4.0201, 3.51026, 0.04103],
[-5.95156, 4.05049, 3.52148, 0.04093],
[-5.80954, 4.07585, 3.53929, 0.04076],
[-5.66659, 4.0962, 3.56688, 0.04048],
[-5.52284, 4.11158, 3.60718, 0.04008],
[-5.37845, 4.12206, 3.663, 0.03952],
[-5.23352, 4.12777, 3.73715, 0.03881],
[-5.08818, 4.12885, 3.83256, 0.03792],
[-4.94253, 4.12551, 3.95254, 0.03686],
[-4.79665, 4.11798, 4.0, 0.03652],
[-4.65062, 4.10654, 4.0, 0.03662],
[-4.50449, 4.09147, 4.0, 0.03673],
[-4.35832, 4.0731, 4.0, 0.03683],
[-4.21214, 4.05178, 4.0, 0.03693],
[-4.06598, 4.02787, 4.0, 0.03703],
[-3.91985, 4.00175, 4.0, 0.03711],
[-3.77375, 3.97381, 4.0, 0.03719],
[-3.62769, 3.94442, 4.0, 0.03725],
[-3.48166, 3.91387, 4.0, 0.0373],
[-3.33564, 3.88239, 4.0, 0.03734],
[-3.18957, 3.85018, 4.0, 0.03739],
[-3.04307, 3.81728, 4.0, 0.03754],
[-2.89636, 3.78482, 4.0, 0.03757],
[-2.74955, 3.75284, 4.0, 0.03756],
[-2.60263, 3.72138, 4.0, 0.03756],
[-2.45559, 3.6905, 4.0, 0.03756],
[-2.30843, 3.66025, 4.0, 0.03756],
[-2.16113, 3.63071, 4.0, 0.03756],
[-2.01367, 3.6019, 4.0, 0.03756],
[-1.86607, 3.57386, 4.0, 0.03756],
[-1.71832, 3.54656, 4.0, 0.03756],
[-1.57043, 3.51994, 4.0, 0.03757],
[-1.42243, 3.49391, 4.0, 0.03757],
[-1.27432, 3.46841, 4.0, 0.03757],
[-1.12612, 3.44338, 4.0, 0.03757],
[-0.97784, 3.41879, 4.0, 0.03758],
[-0.82972, 3.39465, 4.0, 0.03752],
[-0.68238, 3.36984, 4.0, 0.03735],
[-0.53566, 3.34405, 4.0, 0.03724],
[-0.38962, 3.31696, 4.0, 0.03713],
[-0.2444, 3.28824, 3.89029, 0.03805],
[-0.10018, 3.25759, 3.68755, 0.03999],
[0.04287, 3.22466, 3.52402, 0.04165],
[0.18454, 3.18908, 3.3952, 0.04302],
[0.32462, 3.15049, 3.29809, 0.04405],
[0.46286, 3.10852, 3.23121, 0.04471],
[0.59903, 3.0628, 3.19414, 0.04497],
[0.7329, 3.01298, 3.18714, 0.04482],
[0.86423, 2.95877, 3.18714, 0.04458],
[0.99283, 2.89992, 3.18714, 0.04437],
[1.11852, 2.83624, 3.18714, 0.04421],
[1.24115, 2.7676, 3.18714, 0.04409],
[1.36061, 2.69394, 3.18714, 0.04403],
[1.47685, 2.61529, 3.21115, 0.04371],
[1.58985, 2.53174, 3.26789, 0.04301],
[1.69968, 2.44346, 3.36025, 0.04193],
[1.80642, 2.3507, 3.49309, 0.04048],
[1.91024, 2.25378, 3.67474, 0.03865],
[2.01135, 2.15308, 3.91943, 0.03641],
[2.11003, 2.04902, 4.0, 0.03585],
[2.20659, 1.94208, 4.0, 0.03602],
[2.30139, 1.8328, 4.0, 0.03617],
[2.39473, 1.72158, 4.0, 0.0363],
[2.48683, 1.60875, 3.79658, 0.03836],
[2.57791, 1.49459, 3.46961, 0.04209],
[2.66948, 1.38213, 3.20381, 0.04527],
[2.76223, 1.27156, 2.98291, 0.04838],
[2.85648, 1.16351, 2.74675, 0.0522],
[2.95254, 1.05868, 2.62292, 0.05421],
[3.05068, 0.95785, 2.47209, 0.05692],
[3.15107, 0.8618, 2.34059, 0.05936],
[3.25378, 0.77133, 2.21736, 0.06173],
[3.35877, 0.68723, 2.10794, 0.06382],
[3.46595, 0.61052, 2.00959, 0.06559],
[3.57496, 0.54171, 1.93339, 0.06667],
[3.6854, 0.4815, 1.8596, 0.06764],
[3.79678, 0.43046, 1.85693, 0.06598],
[3.90856, 0.38912, 1.83011, 0.06512],
[4.0201, 0.35787, 1.77024, 0.06544],
[4.13077, 0.337, 1.64677, 0.06839],
[4.23997, 0.32658, 1.5, 0.07313],
[4.3471, 0.32669, 1.5, 0.07142],
[4.45178, 0.33672, 1.5, 0.07011],
[4.55363, 0.35643, 1.5, 0.06916],
[4.65215, 0.38608, 1.5, 0.06859],
[4.7464, 0.42688, 1.5, 0.06847],
[4.83474, 0.48096, 1.72369, 0.06009],
[4.91798, 0.54517, 1.87119, 0.05618],
[4.9964, 0.61824, 2.0329, 0.05273],
[5.07031, 0.69914, 2.23314, 0.04907],
[5.1401, 0.78685, 2.41819, 0.04635],
[5.20606, 0.8807, 2.63197, 0.04358],
[5.26849, 0.98, 2.80134, 0.04187],
[5.32758, 1.08443, 2.84816, 0.04213],
[5.38355, 1.19364, 2.68871, 0.04564],
[5.43678, 1.30779, 2.62259, 0.04803],
[5.49625, 1.42311, 2.49635, 0.05197],
[5.55997, 1.53487, 2.41709, 0.05323],
[5.62791, 1.64252, 2.31874, 0.0549],
[5.70017, 1.74571, 2.28337, 0.05517],
[5.77702, 1.84391, 2.28337, 0.05461],
[5.85849, 1.93691, 2.28337, 0.05415],
[5.94484, 2.02419, 2.28337, 0.05377],
[6.03622, 2.10537, 2.28337, 0.05353],
[6.13291, 2.1799, 2.28337, 0.05346],
[6.23495, 2.24746, 2.28514, 0.05356],
[6.34229, 2.30788, 2.31999, 0.05309],
[6.45475, 2.36112, 2.38631, 0.05214],
[6.57209, 2.40727, 2.48275, 0.05078],
[6.69398, 2.44651, 2.60805, 0.0491],
[6.82005, 2.47913, 2.76085, 0.04717],
[6.9499, 2.5055, 2.93946, 0.04508],
[7.08311, 2.52603, 3.14139, 0.0429],
[7.21922, 2.54116, 3.36251, 0.04073],
[7.35783, 2.55133, 3.59605, 0.03865],
[7.49849, 2.55697, 3.83144, 0.03674],
[7.6408, 2.55847, 4.0, 0.03558],
[7.78435, 2.55615, 4.0, 0.03589],
[7.92876, 2.55027, 4.0, 0.03613],
[8.07362, 2.54101, 3.86433, 0.03756],
[8.21855, 2.52846, 3.6691, 0.03965],
[8.36317, 2.51264, 3.48073, 0.0418],
[8.50709, 2.49347, 3.3063, 0.04391],
[8.64993, 2.47082, 3.15006, 0.04591],
[8.79131, 2.44448, 3.0144, 0.04771],
[8.93086, 2.41421, 2.90049, 0.04923],
[9.06822, 2.37973, 2.80867, 0.05042],
[9.20301, 2.34072, 2.73871, 0.05124],
[9.3349, 2.29689, 2.68983, 0.05167],
[9.46355, 2.24794, 2.66075, 0.05173],
[9.58865, 2.19359, 2.64956, 0.05148],
[9.70988, 2.13362, 2.64956, 0.05105],
[9.82698, 2.06785, 2.64956, 0.05069],
[9.93967, 1.99617, 2.64956, 0.05041],
[10.04772, 1.91854, 2.64956, 0.05022],
[10.15091, 1.83498, 2.64956, 0.05011],
[10.24905, 1.74562, 2.65369, 0.05002],
[10.34195, 1.65064, 2.6699, 0.04976],
[10.42944, 1.55031, 2.69428, 0.04941],
[10.51135, 1.44494, 2.72243, 0.04902],
[10.58752, 1.33491, 2.74974, 0.04867],
[10.65776, 1.22063, 2.73632, 0.04902],
[10.72188, 1.10256, 2.70819, 0.04961],
[10.7797, 0.98116, 2.68164, 0.05014],
[10.83098, 0.85688, 2.66125, 0.05052],
[10.87551, 0.7302, 2.65127, 0.05065],
[10.91307, 0.60156, 2.65127, 0.05055],
[10.94346, 0.47137, 2.65127, 0.05042],
[10.96646, 0.34003, 2.65127, 0.05029],
[10.98194, 0.2079, 2.65127, 0.05018],
[10.98978, 0.0753, 2.65127, 0.0501],
[10.98993, -0.05748, 2.65547, 0.05],
[10.9824, -0.1902, 2.67707, 0.04966],
[10.96728, -0.32266, 2.71874, 0.04904],
[10.94473, -0.45469, 2.78277, 0.04813],
[10.91501, -0.58617, 2.87121, 0.04695],
[10.87843, -0.71698, 2.98602, 0.04549],
[10.83537, -0.84709, 3.12936, 0.04379],
[10.78628, -0.97644, 3.30371, 0.04188],
[10.73163, -1.10504, 3.51213, 0.03978],
[10.67195, -1.2329, 3.75833, 0.03754],
[10.60777, -1.36005, 4.0, 0.03561],
[10.53961, -1.48653, 4.0, 0.03592],
[10.46798, -1.6124, 4.0, 0.03621],
[10.39338, -1.73772, 4.0, 0.03646],
[10.31624, -1.86254, 4.0, 0.03668],
[10.23695, -1.98692, 4.0, 0.03688],
[10.15583, -2.1109, 4.0, 0.03704],
[10.07316, -2.23447, 4.0, 0.03717],
[9.98914, -2.35765, 4.0, 0.03728],
[9.90392, -2.48037, 4.0, 0.03735],
[9.8176, -2.60257, 4.0, 0.0374],
[9.73023, -2.72412, 4.0, 0.03742],
[9.64184, -2.84488, 4.0, 0.03741],
[9.55238, -2.96468, 4.0, 0.03738],
[9.4618, -3.08334, 4.0, 0.03732],
[9.37, -3.20066, 4.0, 0.03724],
[9.27685, -3.31641, 4.0, 0.03715],
[9.18221, -3.43039, 4.0, 0.03704],
[9.08593, -3.54234, 3.86613, 0.03819],
[8.98784, -3.65203, 3.75986, 0.03914],
[8.88777, -3.7592, 3.68208, 0.03982],
[8.78558, -3.86359, 3.6323, 0.04022],
[8.68109, -3.96497, 3.60983, 0.04033],
[8.57416, -4.06307, 3.60983, 0.0402],
[8.46469, -4.15768, 3.60983, 0.04008],
[8.35257, -4.24859, 3.60983, 0.03999],
[8.23773, -4.33566, 3.60983, 0.03992],
[8.12015, -4.41875, 3.60983, 0.03988],
[7.99984, -4.49781, 3.61384, 0.03984],
[7.87684, -4.5728, 3.64338, 0.03954],
[7.75123, -4.64376, 3.69731, 0.03902],
[7.62311, -4.71075, 3.7742, 0.0383],
[7.49264, -4.77388, 3.87201, 0.03743],
[7.35997, -4.83328, 3.98776, 0.03645],
[7.22527, -4.8891, 4.0, 0.03645],
[7.08872, -4.9415, 4.0, 0.03656],
[6.95053, -4.99064, 4.0, 0.03667],
[6.81089, -5.03665, 4.0, 0.03676],
[6.66998, -5.07964, 4.0, 0.03683],
[6.52801, -5.11967, 4.0, 0.03688],
[6.38516, -5.15679, 4.0, 0.0369],
[6.24161, -5.19096, 3.94015, 0.03745],
[6.09756, -5.2221, 3.754, 0.03926],
[5.95318, -5.25009, 3.57541, 0.04113],
[5.80866, -5.27472, 3.40977, 0.04299],
[5.6642, -5.29575, 3.26098, 0.04477],
[5.52, -5.3129, 3.13192, 0.04637],
[5.37627, -5.32583, 3.02488, 0.04771],
[5.23322, -5.33421, 2.94195, 0.04871],
[5.09107, -5.33765, 2.88527, 0.04928],
[4.95005, -5.3358, 2.85732, 0.04936],
[4.8104, -5.3283, 2.85732, 0.04895],
[4.67233, -5.31484, 2.85732, 0.04855],
[4.53606, -5.29515, 2.85732, 0.04819],
[4.40178, -5.26903, 2.85732, 0.04788],
[4.26964, -5.23635, 2.85732, 0.04764],
[4.13977, -5.19711, 2.86135, 0.04741],
[4.01225, -5.15138, 2.90207, 0.04668],
[3.88707, -5.0994, 2.98692, 0.04538],
[3.7642, -5.04152, 3.12703, 0.04344],
[3.6435, -4.97823, 3.38009, 0.04032],
[3.52471, -4.91029, 3.5774, 0.03825],
[3.4077, -4.83815, 3.64821, 0.03768],
[3.29229, -4.76229, 3.39395, 0.04069],
[3.17841, -4.683, 3.24526, 0.04276],
[3.06606, -4.60043, 3.05678, 0.04561],
[2.95614, -4.51506, 2.879, 0.04834],
[2.84734, -4.43539, 2.72183, 0.04954],
[2.73771, -4.3602, 2.61439, 0.05085],
[2.62675, -4.2897, 2.49123, 0.05277],
[2.51432, -4.22414, 2.43025, 0.05356],
[2.40029, -4.16399, 2.41313, 0.05343],
[2.28455, -4.1098, 2.41313, 0.05296],
[2.167, -4.06214, 2.41313, 0.05256],
[2.04759, -4.02145, 2.41313, 0.05228],
[1.92623, -3.98837, 2.41313, 0.05213],
[1.80291, -3.96326, 2.41313, 0.05215],
[1.6777, -3.94633, 2.4345, 0.0519],
[1.55069, -3.93758, 2.49176, 0.05109],
[1.42202, -3.93687, 2.58313, 0.04981],
[1.29186, -3.94391, 2.70754, 0.04815],
[1.16037, -3.95829, 2.86471, 0.04617],
[1.02776, -3.97952, 3.05523, 0.04396],
[0.89419, -4.00704, 3.28069, 0.04157],
[0.75983, -4.04026, 3.5439, 0.03905],
[0.62483, -4.07855, 3.84907, 0.03646],
[0.48934, -4.1213, 4.0, 0.03552],
[0.35347, -4.16791, 4.0, 0.03591],
[0.21731, -4.2178, 4.0, 0.03625],
[0.08095, -4.27047, 4.0, 0.03655],
[-0.05556, -4.32542, 4.0, 0.03679],
[-0.19217, -4.38224, 4.0, 0.03699],
[-0.32885, -4.44058, 4.0, 0.03715],
[-0.46556, -4.50012, 4.0, 0.03728],
[-0.6023, -4.5606, 4.0, 0.03738],
[-0.73905, -4.62179, 4.0, 0.03745],
[-0.87581, -4.68354, 4.0, 0.03751],
[-1.01257, -4.74556, 4.0, 0.03754],
[-1.14933, -4.80776, 4.0, 0.03756],
[-1.28609, -4.87009, 4.0, 0.03757],
[-1.42284, -4.93257, 4.0, 0.03759],
[-1.5596, -4.99518, 4.0, 0.0376],
[-1.69635, -5.05792, 4.0, 0.03761],
[-1.8331, -5.12075, 4.0, 0.03762],
[-1.96985, -5.18357, 4.0, 0.03762],
[-2.1066, -5.2464, 4.0, 0.03762]]